180
0 0 node0
1 0 node1
2 0 node2
3 0 node3
4 0 node4
5 0 node5
6 0 node6
7 0 node7
8 0 node8
9 0 node9
10 0 node10
11 0 node11
12 0 node12
13 0 node13
14 0 node14
15 0 node15
16 0 node16
17 0 node17
18 0 node18
19 0 node19
20 0 node20
21 0 node21
22 0 node22
23 0 node23
24 0 node24
25 0 node25
26 0 node26
27 0 node27
28 0 node28
29 0 node29
30 0 node30
31 0 node31
32 0 node32
33 0 node33
34 0 node34
35 0 node35
36 0 node36
37 0 node37
38 0 node38
39 0 node39
40 0 node40
41 0 node41
42 0 node42
43 0 node43
44 0 node44
45 0 node45
46 0 node46
47 0 node47
48 0 node48
49 0 node49
50 0 node50
51 0 node51
52 0 node52
53 0 node53
54 0 node54
55 0 node55
56 0 node56
57 0 node57
58 0 node58
59 0 node59
60 0 node60
61 0 node61
62 0 node62
63 0 node63
64 0 node64
65 0 node65
66 0 node66
67 0 node67
68 0 node68
69 0 node69
70 0 node70
71 0 node71
72 0 node72
73 0 node73
74 0 node74
75 0 node75
76 0 node76
77 0 node77
78 0 node78
79 0 node79
80 0 node80
81 0 node81
82 0 node82
83 0 node83
84 0 node84
85 0 node85
86 0 node86
87 0 node87
88 0 node88
89 0 node89
90 0 node90
91 0 node91
92 0 node92
93 0 node93
94 0 node94
95 0 node95
96 0 node96
97 0 node97
98 0 node98
99 0 node99
100 0 node100
101 0 node101
102 0 node102
103 0 node103
104 0 node104
105 0 node105
106 0 node106
107 0 node107
108 0 node108
109 0 node109
110 0 node110
111 0 node111
112 0 node112
113 0 node113
114 0 node114
115 0 node115
116 0 node116
117 0 node117
118 0 node118
119 0 node119
120 0 node120
121 0 node121
122 0 node122
123 0 node123
124 0 node124
125 0 node125
126 0 node126
127 0 node127
128 0 node128
129 0 node129
130 0 node130
131 0 node131
132 0 node132
133 0 node133
134 0 node134
135 0 node135
136 0 node136
137 0 node137
138 0 node138
139 0 node139
140 0 node140
141 0 node141
142 0 node142
143 0 node143
144 0 node144
145 0 node145
146 0 node146
147 0 node147
148 0 node148
149 0 node149
150 0 node150
151 0 node151
152 0 node152
153 0 node153
154 0 node154
155 0 node155
156 0 node156
157 0 node157
158 0 node158
159 0 node159
160 0 node160
161 0 node161
162 0 node162
163 0 node163
164 0 node164
165 0 node165
166 0 node166
167 0 node167
168 0 node168
169 0 node169
170 0 node170
171 0 node171
172 0 node172
173 0 node173
174 0 node174
175 0 node175
176 0 node176
177 0 node177
178 0 node178
179 0 node179
167
0 0 0 1 1
0 20 591 54 580 20 7
1 0 1 2 1
0 54 580 78 564 20 7
2 0 2 3 1
0 78 564 84 561 20 7
3 0 3 4 1
0 84 561 97 551 20 7
4 0 4 5 1
0 97 551 102 547 20 7
5 0 5 6 1
0 102 547 107 544 20 7
6 0 6 7 1
0 107 544 110 543 20 7
7 0 7 8 1
0 110 543 116 542 20 7
8 0 8 9 1
0 116 542 127 540 20 7
9 0 9 10 1
0 127 540 135 540 20 7
10 0 10 11 1
0 135 540 146 539 20 7
11 0 11 12 1
0 146 539 153 539 20 7
12 0 12 13 1
0 153 539 163 539 20 7
13 0 13 14 1
0 163 539 179 539 20 7
14 0 14 15 1
0 179 539 202 539 20 7
15 0 15 16 1
0 202 539 223 540 20 7
16 0 16 17 1
0 223 540 241 541 20 7
17 0 17 18 1
0 241 541 258 541 20 7
18 0 18 19 1
0 258 541 277 541 20 7
19 0 19 20 1
0 277 541 294 540 20 7
20 0 20 21 1
0 294 540 308 539 20 7
21 0 21 22 1
0 308 539 319 538 20 7
22 0 22 23 1
0 319 538 331 535 20 7
23 0 23 24 1
0 331 535 345 532 20 7
24 0 24 25 1
0 345 532 349 530 20 7
25 0 25 26 1
0 349 530 358 528 20 7
26 0 26 27 1
0 358 528 381 523 20 7
27 0 27 28 1
0 381 523 388 522 20 7
28 0 28 29 1
0 388 522 395 520 20 7
29 0 29 30 1
0 395 520 403 520 20 7
30 0 30 31 1
0 403 520 412 519 20 7
31 0 31 32 1
0 412 519 431 519 20 7
32 0 32 33 1
0 431 519 480 518 20 7
33 0 33 34 1
0 480 518 507 518 20 7
34 0 34 35 1
0 507 518 527 518 20 7
35 0 35 36 1
0 527 518 560 519 20 7
36 0 36 37 1
0 560 519 581 519 20 7
37 0 37 38 1
0 581 519 609 519 20 7
38 0 38 39 1
0 609 519 645 519 20 7
39 0 39 40 1
0 645 519 680 518 20 7
40 0 40 41 1
0 680 518 710 518 20 7
41 0 41 42 1
0 710 518 734 517 20 7
42 0 42 43 1
0 734 517 778 517 20 7
43 0 43 44 1
0 778 517 802 516 20 7
44 0 44 45 1
0 802 516 875 514 20 7
45 0 46 47 1
0 1053 558 1037 507 20 7
46 0 48 49 1
0 1261 493 1225 496 20 7
47 0 49 50 1
0 1225 496 1205 498 20 7
48 0 50 51 1
0 1205 498 1182 500 20 7
49 0 51 52 1
0 1182 500 1146 502 20 7
50 0 52 53 1
0 1146 502 1108 505 20 7
51 0 53 54 1
0 1108 505 1092 506 20 7
52 0 54 55 1
0 1092 506 1075 507 20 7
53 0 55 56 1
0 1075 507 1061 508 20 7
54 0 56 57 1
0 1061 508 1047 508 20 7
55 0 57 58 1
0 1047 508 981 511 20 7
56 0 58 59 1
0 981 511 949 511 20 7
57 0 59 60 1
0 949 511 913 512 20 7
58 0 60 61 1
0 913 512 901 513 20 7
59 0 62 63 1
0 884 518 895 530 20 7
60 0 63 64 1
0 895 530 909 544 20 7
61 0 64 65 1
0 909 544 958 595 20 7
62 0 65 66 1
0 958 595 966 602 20 7
63 0 66 67 1
0 966 602 977 607 20 7
64 0 68 69 1
0 710 518 711 521 20 7
65 0 69 70 1
0 711 521 719 547 20 7
66 0 70 71 1
0 719 547 732 600 20 7
67 0 71 72 1
0 732 600 736 620 20 7
68 0 73 74 1
0 719 547 909 544 20 7
69 0 74 75 1
0 909 544 909 544 20 7
70 0 76 77 1
0 878 512 875 508 20 7
71 0 77 78 1
0 875 508 851 484 20 7
72 0 78 79 1
0 851 484 840 471 20 7
73 0 79 80 1
0 840 471 835 466 20 7
74 0 80 81 1
0 835 466 833 460 20 7
75 0 81 82 1
0 833 460 830 452 20 7
76 0 82 83 1
0 830 452 824 425 20 7
77 0 83 84 1
0 824 425 819 410 20 7
78 0 84 85 1
0 819 410 815 403 20 7
79 0 85 86 1
0 815 403 809 396 20 7
80 0 86 87 1
0 809 396 801 387 20 7
81 0 87 88 1
0 801 387 787 375 20 7
82 0 88 89 1
0 787 375 764 355 20 7
83 0 89 90 1
0 764 355 743 336 20 7
84 0 90 91 1
0 743 336 726 320 20 7
85 0 92 93 1
0 1224 539 1169 539 20 7
86 0 93 94 1
0 1169 539 1162 530 20 7
87 0 94 95 1
0 1162 530 1157 528 20 7
88 0 95 96 1
0 1157 528 1141 528 20 7
89 0 96 97 1
0 1141 528 1122 529 20 7
90 0 97 98 1
0 1122 529 1124 536 20 7
91 0 98 99 1
0 1124 536 1124 539 20 7
92 0 99 100 1
0 1124 539 1124 541 20 7
93 0 100 101 1
0 1124 541 1118 542 20 7
94 0 101 102 1
0 1118 542 1108 543 20 7
95 0 102 103 1
0 1108 543 1088 543 20 7
96 0 103 104 1
0 1088 543 1064 544 20 7
97 0 105 106 1
0 1169 539 1124 539 20 7
98 0 107 108 1
0 977 607 975 601 20 7
99 0 108 109 1
0 975 601 965 592 20 7
100 0 109 110 1
0 965 592 951 577 20 7
101 0 110 111 1
0 951 577 934 560 20 7
102 0 111 112 1
0 934 560 915 541 20 7
103 0 112 113 1
0 915 541 899 523 20 7
104 0 113 114 1
0 899 523 897 521 20 7
105 0 114 115 1
0 897 521 896 518 20 7
106 0 116 117 1
0 884 518 879 517 20 7
107 0 117 118 1
0 879 517 875 516 20 7
108 0 118 119 1
0 875 516 875 515 20 7
109 0 119 120 1
0 875 515 875 513 20 7
110 0 120 121 1
0 875 513 878 512 20 7
111 0 121 122 1
0 878 512 883 511 20 7
112 0 122 123 1
0 883 511 888 511 20 7
113 0 123 124 1
0 888 511 893 511 20 7
114 0 124 125 1
0 893 511 897 511 20 7
115 0 125 126 1
0 897 511 901 513 20 7
116 0 126 127 1
0 901 513 903 514 20 7
117 0 127 128 1
0 903 514 902 515 20 7
118 0 128 129 1
0 902 515 899 517 20 7
119 0 129 130 1
0 899 517 895 518 20 7
120 0 130 131 1
0 895 518 889 519 20 7
121 0 131 132 1
0 889 519 884 518 20 7
122 0 133 134 1
0 1270 495 1263 495 20 7
123 0 134 135 1
0 1263 495 1232 498 20 7
124 0 135 136 1
0 1232 498 1183 502 20 7
125 0 136 137 1
0 1183 502 1151 505 20 7
126 0 137 138 1
0 1151 505 1128 507 20 7
127 0 138 139 1
0 1128 507 1107 508 20 7
128 0 139 140 1
0 1107 508 1098 509 20 7
129 0 140 141 1
0 1098 509 1090 509 20 7
130 0 141 142 1
0 1090 509 1085 510 20 7
131 0 142 143 1
0 1085 510 1077 510 20 7
132 0 143 144 1
0 1077 510 1061 511 20 7
133 0 144 145 1
0 1061 511 1029 512 20 7
134 0 145 146 1
0 1029 512 987 513 20 7
135 0 146 147 1
0 987 513 934 515 20 7
136 0 147 148 1
0 934 515 902 515 20 7
137 0 149 150 1
0 496 20 508 34 20 7
138 0 150 151 1
0 508 34 520 54 20 7
139 0 151 152 1
0 520 54 521 56 20 7
140 0 152 153 1
0 521 56 532 70 20 7
141 0 153 154 1
0 532 70 546 88 20 7
142 0 154 155 1
0 546 88 581 130 20 7
143 0 155 156 1
0 581 130 591 144 20 7
144 0 156 157 1
0 591 144 603 162 20 7
145 0 157 158 1
0 603 162 618 181 20 7
146 0 158 159 1
0 618 181 643 212 20 7
147 0 159 160 1
0 643 212 672 243 20 7
148 0 160 161 1
0 672 243 686 258 20 7
149 0 161 162 1
0 686 258 713 287 20 7
150 0 162 163 1
0 713 287 724 300 20 7
151 0 163 164 1
0 724 300 738 316 20 7
152 0 164 165 1
0 738 316 741 320 20 7
153 0 165 166 1
0 741 320 755 334 20 7
154 0 166 167 1
0 755 334 786 362 20 7
155 0 167 168 1
0 786 362 813 386 20 7
156 0 168 169 1
0 813 386 820 394 20 7
157 0 169 170 1
0 820 394 826 402 20 7
158 0 170 171 1
0 826 402 831 410 20 7
159 0 171 172 1
0 831 410 834 418 20 7
160 0 172 173 1
0 834 418 841 440 20 7
161 0 173 174 1
0 841 440 844 453 20 7
162 0 174 175 1
0 844 453 848 462 20 7
163 0 175 176 1
0 848 462 850 466 20 7
164 0 176 177 1
0 850 466 851 469 20 7
165 0 177 178 1
0 851 469 888 507 20 7
166 0 178 179 1
0 888 507 891 511 20 7
