57
0 0 node0
1 0 node1
2 0 node2
3 0 node3
4 0 node4
5 0 node5
6 0 node6
7 0 node7
8 0 node8
9 0 node9
10 0 node10
11 0 node11
12 0 node12
13 0 node13
14 0 node14
15 0 node15
16 0 node16
17 0 node17
18 0 node18
19 0 node19
20 0 node20
21 0 node21
22 0 node22
23 0 node23
24 0 node24
25 0 node25
26 0 node26
27 0 node27
28 0 node28
29 0 node29
30 0 node30
31 0 node31
32 0 node32
33 0 node33
34 0 node34
35 0 node35
36 0 node36
37 0 node37
38 0 node38
39 0 node39
40 0 node40
41 0 node41
42 0 node42
43 0 node43
44 0 node44
45 0 node45
46 0 node46
47 0 node47
48 0 node48
49 0 node49
50 0 node50
51 0 node51
52 0 node52
53 0 node53
54 0 node54
55 0 node55
56 0 node56
51
0 0 0 1 1
0 925 620 927 615 20 7
1 0 1 2 1
0 927 615 928 610 20 7
2 0 2 3 1
0 928 610 929 602 20 7
3 0 3 4 1
0 929 602 929 594 20 7
4 0 4 5 1
0 929 594 928 575 20 7
5 0 5 6 1
0 928 575 923 535 20 7
6 0 6 7 1
0 923 535 921 497 20 7
7 0 7 8 1
0 921 497 921 480 20 7
8 0 8 9 1
0 921 480 922 437 20 7
9 0 9 10 1
0 922 437 926 396 20 7
10 0 10 11 1
0 926 396 925 380 20 7
11 0 11 12 1
0 925 380 925 323 20 7
12 0 12 13 1
0 925 323 929 253 20 7
13 0 14 15 1
0 1090 333 1065 343 20 7
14 0 15 16 1
0 1065 343 1007 367 20 7
15 0 16 17 1
0 1007 367 979 378 20 7
16 0 17 18 1
0 979 378 973 379 20 7
17 0 18 19 1
0 973 379 960 380 20 7
18 0 19 20 1
0 960 380 943 380 20 7
19 0 20 21 1
0 943 380 925 380 20 7
20 0 22 23 1
0 926 246 929 253 20 7
21 0 23 24 1
0 929 253 960 263 20 7
22 0 24 25 1
0 960 263 986 276 20 7
23 0 25 26 1
0 986 276 1090 333 20 7
24 0 26 27 1
0 1090 333 1245 411 20 7
25 0 27 28 1
0 1245 411 1270 416 20 7
26 0 29 30 1
0 670 331 894 338 20 7
27 0 31 32 1
0 931 20 921 28 20 7
28 0 32 33 1
0 921 28 875 62 20 7
29 0 33 34 1
0 875 62 893 84 20 7
30 0 34 35 1
0 893 84 896 91 20 7
31 0 35 36 1
0 896 91 910 125 20 7
32 0 36 37 1
0 910 125 913 138 20 7
33 0 37 38 1
0 913 138 915 154 20 7
34 0 38 39 1
0 915 154 915 161 20 7
35 0 39 40 1
0 915 161 926 246 20 7
36 0 41 42 1
0 925 380 812 380 20 7
37 0 42 43 1
0 812 380 673 366 20 7
38 0 43 44 1
0 673 366 664 364 20 7
39 0 44 45 1
0 664 364 552 351 20 7
40 0 45 46 1
0 552 351 415 334 20 7
41 0 46 47 1
0 415 334 395 336 20 7
42 0 47 48 1
0 395 336 349 343 20 7
43 0 48 49 1
0 349 343 330 348 20 7
44 0 49 50 1
0 330 348 305 354 20 7
45 0 50 51 1
0 305 354 250 367 20 7
46 0 51 52 1
0 250 367 218 375 20 7
47 0 52 53 1
0 218 375 195 379 20 7
48 0 53 54 1
0 195 379 84 399 20 7
49 0 54 55 1
0 84 399 36 408 20 7
50 0 55 56 1
0 36 408 20 409 20 7
