11
0 0 Node0
1 0 Node1
2 0 Node2
3 0 Node3
4 0 Node4
5 0 Node5
6 0 Node6
7 0 Node7
8 0 Node8
9 0 Node9
10 0 Node10 
13
0 0 0 2 1
0 10 5 100 61 11 15 1
1 0 1 2 1
0 10 70 100 70 11 15 1
2 0 2 5 1
0 120 70 180 70 11 15 1
3 0 3 5 1
0 50 10 180 62 11 15 1
4 0 4 5 1
0 250 10 190 70 11 15 1
5 0 5 6 2
0 190 80 190 120 11 15 1
1 188 125 157 160 11 15 1
6 0 2 6 2
0 110 80 125 120 11 15 1
1 127 122 150 150 11 15 1
7 0 1 7 1
0 5 80 17 130 11 15 1
8 0 6 7 1
0 140 165 20 137 11 15 1
9 0 7 8 1
0 17 140 25 170 11 15 1
10 0 6 9 1
0 155 165 180 215 11 15 1
11 0 9 10 1
0 180 215 260 135 11 15 1
12 0 4 10 1
0 258 10 268 132 11 15 1
 
