26
0 0 Node0
1 0 Azimpur
2 0 Polashi
3 0 BokshiBazar
4 0 ShadhinotaChottor1
5 0 ShadhinotaChottor2
6 0 ShadhinotaChottor3
7 0 ShaheedMinar
8 0 Newmarket
9 0 Nilkhet
10 0 Kolavobon
11 0 TSC1
12 0 TSC2
13 0 TSC3
14 0 SWD1
15 0 SWD2
16 0 DoyelChottor
17 0 Jhigatola
18 0 CityCollege
19 0 ScienceLab
20 0 Katabon
21 0 Shahbagh
22 0 MotsoVaban
23 0 Node23
24 0 Node24
25 0 RuposhiBangla
30
0 0 0 2 1
0 500 600 650 480 14 15
1 0 3 2 1
0 900 600 650 480 14 15
2 0 3 7 1
0 900 600 900 460 14 15
3 0 1 2 1
0 400 500 650 480 14 15
4 0 1 8 1
0 400 500 300 300 14 15
5 0 2 9 2
0 650 480 500 370 14 15
1 500 370 550 300 14 15
6 0 2 4 1
0 650 480 750 460 14 15
7 0 4 5 1
0 750 460 800 460 14 15
8 0 4 6 1
0 750 460 780 420 14 15
9 0 5 7 1
0 800 460 900 460 14 15
10 0 6 10 1
0 780 420 700 280 14 15
11 0 7 12 1
0 900 460 900 350 14 15
12 0 8 9 1
0 300 300 550 300 14 15
13 0 8 18 1
0 300 300 200 80 14 15
14 0 9 20 1
0 550 300 660 100 14 15
15 0 9 10 1
0 550 300 700 280 14  15
16 0 10 11 1
0 700 280 840 300 14 15
17 0 11 13 1
0 840 300 920 300 7 15
18 0 12 13 1
0 900 340 920 300 7 15
19 0 13 15 1
0 920 300 940 280 7 15
20 0 14 15 1
0 960 300 940 280 7 15
21 0 16 14 1
0 1200 410 960 300 14 15
22 0 15 21 1
0 940 280 940 125 14 15
23 0 17 18 1
0 50 100 200 80 14 15
24 0 18 23 1
0 200 80 200 50 14 15
25 0 19 20 1
0 220 100 660 100 14 15
26 0 20 24 1
0 660 100 680 50 14 15
27 0 20 21 1
0 660 100 940 125 14 15
28 0 21 25 1
0 940 125 940 50 14 15
29 0 21 22 1
0 940 125 1200 150 14 15